# turn 1
P 11.3740233662 9.61649541876 0 83 3
P 10.0504178328 12.1536823694 1 100 5
P 12.6976288997 7.07930846807 2 100 5
P 8.1425307544 19.1903641542 0 78 1
P 14.6055159781 0.0426266832684 0 78 1
P 12.4973899815 14.9971478115 0 54 2
P 10.250656751 4.23584302597 0 54 2
P 0.0 5.89071866631 0 20 1
P 22.7480467325 13.3422721712 0 20 1
P 7.674430883 13.3513453885 0 79 3
P 15.0736158495 5.88164544904 0 79 3
P 16.171760682 3.87044939368 0 10 1
P 6.57628605053 15.3625414438 0 10 1
P 18.4805758188 19.2329908375 0 78 1
P 4.26747091366 0.0 0 78 1
P 9.99138438566 17.3224304127 0 70 3
P 12.7566623468 1.9105604248 0 70 3
P 1.40070838236 16.3547738424 0 66 1
P 21.3473383501 2.8782169951 0 66 1
P 0.262688207003 7.40787840578 0 31 3
P 22.4853585255 11.8251124317 0 31 3
P 8.4300641361 3.78974767758 0 5 5
P 14.3179825964 15.4432431599 0 5 5
go

# turn: 2
P 11.3740233662 9.61649541876 0 83 3
P 10.0504178328 12.1536823694 1 99 5
P 12.6976288997 7.07930846807 2 14 5
P 8.1425307544 19.1903641542 0 78 1
P 14.6055159781 0.0426266832684 0 78 1
P 12.4973899815 14.9971478115 0 54 2
P 10.250656751 4.23584302597 0 54 2
P 0.0 5.89071866631 0 20 1
P 22.7480467325 13.3422721712 0 20 1
P 7.674430883 13.3513453885 0 79 3
P 15.0736158495 5.88164544904 0 79 3
P 16.171760682 3.87044939368 0 10 1
P 6.57628605053 15.3625414438 0 10 1
P 18.4805758188 19.2329908375 0 78 1
P 4.26747091366 0.0 0 78 1
P 9.99138438566 17.3224304127 0 70 3
P 12.7566623468 1.9105604248 0 70 3
P 1.40070838236 16.3547738424 0 66 1
P 21.3473383501 2.8782169951 0 66 1
P 0.262688207003 7.40787840578 0 31 3
P 22.4853585255 11.8251124317 0 31 3
P 8.4300641361 3.78974767758 0 5 5
P 14.3179825964 15.4432431599 0 5 5
F 1 6 1 22 6 5
F 2 80 2 10 3 2
F 2 11 2 11 5 4
go

# turn: 3
P 11.3740233662 9.61649541876 0 83 3
P 10.0504178328 12.1536823694 1 42 5
P 12.6976288997 7.07930846807 2 19 5
P 8.1425307544 19.1903641542 0 78 1
P 14.6055159781 0.0426266832684 0 78 1
P 12.4973899815 14.9971478115 0 54 2
P 10.250656751 4.23584302597 0 54 2
P 0.0 5.89071866631 0 20 1
P 22.7480467325 13.3422721712 0 20 1
P 7.674430883 13.3513453885 0 79 3
P 15.0736158495 5.88164544904 0 79 3
P 16.171760682 3.87044939368 0 10 1
P 6.57628605053 15.3625414438 0 10 1
P 18.4805758188 19.2329908375 0 78 1
P 4.26747091366 0.0 0 78 1
P 9.99138438566 17.3224304127 0 70 3
P 12.7566623468 1.9105604248 0 70 3
P 1.40070838236 16.3547738424 0 66 1
P 21.3473383501 2.8782169951 0 66 1
P 0.262688207003 7.40787840578 0 31 3
P 22.4853585255 11.8251124317 0 31 3
P 8.4300641361 3.78974767758 0 5 5
P 14.3179825964 15.4432431599 0 5 5
F 1 6 1 22 6 4
F 2 80 2 10 3 1
F 2 11 2 11 5 3
F 1 45 1 2 6 5
F 1 11 1 12 5 4
F 1 6 1 21 9 8
go

# turn: 4
P 11.3740233662 9.61649541876 0 83 3
P 10.0504178328 12.1536823694 1 15 5
P 12.6976288997 7.07930846807 2 24 5
P 8.1425307544 19.1903641542 0 78 1
P 14.6055159781 0.0426266832684 0 78 1
P 12.4973899815 14.9971478115 0 54 2
P 10.250656751 4.23584302597 0 54 2
P 0.0 5.89071866631 0 20 1
P 22.7480467325 13.3422721712 0 20 1
P 7.674430883 13.3513453885 0 79 3
P 15.0736158495 5.88164544904 2 1 3
P 16.171760682 3.87044939368 0 10 1
P 6.57628605053 15.3625414438 0 10 1
P 18.4805758188 19.2329908375 0 78 1
P 4.26747091366 0.0 0 78 1
P 9.99138438566 17.3224304127 0 70 3
P 12.7566623468 1.9105604248 0 70 3
P 1.40070838236 16.3547738424 0 66 1
P 21.3473383501 2.8782169951 0 66 1
P 0.262688207003 7.40787840578 0 31 3
P 22.4853585255 11.8251124317 0 31 3
P 8.4300641361 3.78974767758 0 5 5
P 14.3179825964 15.4432431599 0 5 5
F 1 6 1 22 6 3
F 2 11 2 11 5 2
F 1 45 1 2 6 4
F 1 11 1 12 5 3
F 1 6 1 21 9 7
F 1 32 1 19 11 10
go

# turn: 5
P 11.3740233662 9.61649541876 0 83 3
P 10.0504178328 12.1536823694 1 20 5
P 12.6976288997 7.07930846807 2 29 5
P 8.1425307544 19.1903641542 0 78 1
P 14.6055159781 0.0426266832684 0 78 1
P 12.4973899815 14.9971478115 0 54 2
P 10.250656751 4.23584302597 0 54 2
P 0.0 5.89071866631 0 20 1
P 22.7480467325 13.3422721712 0 20 1
P 7.674430883 13.3513453885 0 79 3
P 15.0736158495 5.88164544904 2 4 3
P 16.171760682 3.87044939368 0 10 1
P 6.57628605053 15.3625414438 0 10 1
P 18.4805758188 19.2329908375 0 78 1
P 4.26747091366 0.0 0 78 1
P 9.99138438566 17.3224304127 0 70 3
P 12.7566623468 1.9105604248 0 70 3
P 1.40070838236 16.3547738424 0 66 1
P 21.3473383501 2.8782169951 0 66 1
P 0.262688207003 7.40787840578 0 31 3
P 22.4853585255 11.8251124317 0 31 3
P 8.4300641361 3.78974767758 0 5 5
P 14.3179825964 15.4432431599 0 5 5
F 1 6 1 22 6 2
F 2 11 2 11 5 1
F 1 45 1 2 6 3
F 1 11 1 12 5 2
F 1 6 1 21 9 6
F 1 32 1 19 11 9
go

# turn: 6
P 11.3740233662 9.61649541876 0 83 3
P 10.0504178328 12.1536823694 1 25 5
P 12.6976288997 7.07930846807 2 34 5
P 8.1425307544 19.1903641542 0 78 1
P 14.6055159781 0.0426266832684 0 78 1
P 12.4973899815 14.9971478115 0 54 2
P 10.250656751 4.23584302597 0 54 2
P 0.0 5.89071866631 0 20 1
P 22.7480467325 13.3422721712 0 20 1
P 7.674430883 13.3513453885 0 79 3
P 15.0736158495 5.88164544904 2 3 3
P 16.171760682 3.87044939368 2 1 1
P 6.57628605053 15.3625414438 0 10 1
P 18.4805758188 19.2329908375 0 78 1
P 4.26747091366 0.0 0 78 1
P 9.99138438566 17.3224304127 0 70 3
P 12.7566623468 1.9105604248 0 70 3
P 1.40070838236 16.3547738424 0 66 1
P 21.3473383501 2.8782169951 0 66 1
P 0.262688207003 7.40787840578 0 31 3
P 22.4853585255 11.8251124317 0 31 3
P 8.4300641361 3.78974767758 0 5 5
P 14.3179825964 15.4432431599 0 5 5
F 1 6 1 22 6 1
F 1 45 1 2 6 2
F 1 11 1 12 5 1
F 1 6 1 21 9 5
F 1 32 1 19 11 8
F 2 4 10 2 3 2
go

# turn: 7
P 11.3740233662 9.61649541876 0 83 3
P 10.0504178328 12.1536823694 1 30 5
P 12.6976288997 7.07930846807 2 39 5
P 8.1425307544 19.1903641542 0 78 1
P 14.6055159781 0.0426266832684 0 78 1
P 12.4973899815 14.9971478115 0 54 2
P 10.250656751 4.23584302597 0 54 2
P 0.0 5.89071866631 0 20 1
P 22.7480467325 13.3422721712 0 20 1
P 7.674430883 13.3513453885 0 79 3
P 15.0736158495 5.88164544904 2 6 3
P 16.171760682 3.87044939368 2 2 1
P 6.57628605053 15.3625414438 1 1 1
P 18.4805758188 19.2329908375 0 78 1
P 4.26747091366 0.0 0 78 1
P 9.99138438566 17.3224304127 0 70 3
P 12.7566623468 1.9105604248 0 70 3
P 1.40070838236 16.3547738424 0 66 1
P 21.3473383501 2.8782169951 0 66 1
P 0.262688207003 7.40787840578 0 31 3
P 22.4853585255 11.8251124317 0 31 3
P 8.4300641361 3.78974767758 0 5 5
P 14.3179825964 15.4432431599 1 1 5
F 1 45 1 2 6 1
F 1 6 1 21 9 4
F 1 32 1 19 11 7
F 2 4 10 2 3 1
go

# turn: 8
P 11.3740233662 9.61649541876 0 83 3
P 10.0504178328 12.1536823694 1 35 5
P 12.6976288997 7.07930846807 2 3 5
P 8.1425307544 19.1903641542 0 78 1
P 14.6055159781 0.0426266832684 0 78 1
P 12.4973899815 14.9971478115 0 54 2
P 10.250656751 4.23584302597 0 54 2
P 0.0 5.89071866631 0 20 1
P 22.7480467325 13.3422721712 0 20 1
P 7.674430883 13.3513453885 0 79 3
P 15.0736158495 5.88164544904 2 9 3
P 16.171760682 3.87044939368 2 3 1
P 6.57628605053 15.3625414438 1 2 1
P 18.4805758188 19.2329908375 0 78 1
P 4.26747091366 0.0 0 78 1
P 9.99138438566 17.3224304127 0 70 3
P 12.7566623468 1.9105604248 0 70 3
P 1.40070838236 16.3547738424 0 66 1
P 21.3473383501 2.8782169951 0 66 1
P 0.262688207003 7.40787840578 0 31 3
P 22.4853585255 11.8251124317 0 31 3
P 8.4300641361 3.78974767758 0 5 5
P 14.3179825964 15.4432431599 1 6 5
F 1 6 1 21 9 3
F 1 32 1 19 11 6
go

# turn: 9
P 11.3740233662 9.61649541876 0 83 3
P 10.0504178328 12.1536823694 1 40 5
P 12.6976288997 7.07930846807 2 8 5
P 8.1425307544 19.1903641542 0 78 1
P 14.6055159781 0.0426266832684 0 78 1
P 12.4973899815 14.9971478115 0 54 2
P 10.250656751 4.23584302597 0 54 2
P 0.0 5.89071866631 0 20 1
P 22.7480467325 13.3422721712 0 20 1
P 7.674430883 13.3513453885 0 79 3
P 15.0736158495 5.88164544904 2 12 3
P 16.171760682 3.87044939368 2 4 1
P 6.57628605053 15.3625414438 1 3 1
P 18.4805758188 19.2329908375 0 78 1
P 4.26747091366 0.0 0 78 1
P 9.99138438566 17.3224304127 0 70 3
P 12.7566623468 1.9105604248 0 70 3
P 1.40070838236 16.3547738424 0 66 1
P 21.3473383501 2.8782169951 0 66 1
P 0.262688207003 7.40787840578 0 31 3
P 22.4853585255 11.8251124317 0 31 3
P 8.4300641361 3.78974767758 0 5 5
P 14.3179825964 15.4432431599 1 11 5
F 1 6 1 21 9 2
F 1 32 1 19 11 5
go

# turn: 10
P 11.3740233662 9.61649541876 0 83 3
P 10.0504178328 12.1536823694 1 45 5
P 12.6976288997 7.07930846807 2 13 5
P 8.1425307544 19.1903641542 0 78 1
P 14.6055159781 0.0426266832684 0 78 1
P 12.4973899815 14.9971478115 0 54 2
P 10.250656751 4.23584302597 0 54 2
P 0.0 5.89071866631 0 20 1
P 22.7480467325 13.3422721712 0 20 1
P 7.674430883 13.3513453885 0 79 3
P 15.0736158495 5.88164544904 2 15 3
P 16.171760682 3.87044939368 2 5 1
P 6.57628605053 15.3625414438 1 4 1
P 18.4805758188 19.2329908375 0 78 1
P 4.26747091366 0.0 0 78 1
P 9.99138438566 17.3224304127 0 70 3
P 12.7566623468 1.9105604248 0 70 3
P 1.40070838236 16.3547738424 0 66 1
P 21.3473383501 2.8782169951 0 66 1
P 0.262688207003 7.40787840578 0 31 3
P 22.4853585255 11.8251124317 0 31 3
P 8.4300641361 3.78974767758 0 5 5
P 14.3179825964 15.4432431599 1 16 5
F 1 6 1 21 9 1
F 1 32 1 19 11 4
go

# turn: 11
P 11.3740233662 9.61649541876 0 83 3
P 10.0504178328 12.1536823694 1 50 5
P 12.6976288997 7.07930846807 2 18 5
P 8.1425307544 19.1903641542 0 78 1
P 14.6055159781 0.0426266832684 0 78 1
P 12.4973899815 14.9971478115 0 54 2
P 10.250656751 4.23584302597 0 54 2
P 0.0 5.89071866631 0 20 1
P 22.7480467325 13.3422721712 0 20 1
P 7.674430883 13.3513453885 0 79 3
P 15.0736158495 5.88164544904 2 18 3
P 16.171760682 3.87044939368 2 6 1
P 6.57628605053 15.3625414438 1 5 1
P 18.4805758188 19.2329908375 0 78 1
P 4.26747091366 0.0 0 78 1
P 9.99138438566 17.3224304127 0 70 3
P 12.7566623468 1.9105604248 0 70 3
P 1.40070838236 16.3547738424 0 66 1
P 21.3473383501 2.8782169951 0 66 1
P 0.262688207003 7.40787840578 0 31 3
P 22.4853585255 11.8251124317 0 31 3
P 8.4300641361 3.78974767758 1 1 5
P 14.3179825964 15.4432431599 1 21 5
F 1 32 1 19 11 3
go

# turn: 12
P 11.3740233662 9.61649541876 0 83 3
P 10.0504178328 12.1536823694 1 55 5
P 12.6976288997 7.07930846807 2 23 5
P 8.1425307544 19.1903641542 0 78 1
P 14.6055159781 0.0426266832684 0 78 1
P 12.4973899815 14.9971478115 0 54 2
P 10.250656751 4.23584302597 0 54 2
P 0.0 5.89071866631 0 20 1
P 22.7480467325 13.3422721712 0 20 1
P 7.674430883 13.3513453885 0 79 3
P 15.0736158495 5.88164544904 2 21 3
P 16.171760682 3.87044939368 2 7 1
P 6.57628605053 15.3625414438 1 6 1
P 18.4805758188 19.2329908375 0 78 1
P 4.26747091366 0.0 0 78 1
P 9.99138438566 17.3224304127 0 70 3
P 12.7566623468 1.9105604248 0 70 3
P 1.40070838236 16.3547738424 0 66 1
P 21.3473383501 2.8782169951 0 66 1
P 0.262688207003 7.40787840578 0 31 3
P 22.4853585255 11.8251124317 0 31 3
P 8.4300641361 3.78974767758 1 6 5
P 14.3179825964 15.4432431599 1 26 5
F 1 32 1 19 11 2
go

# turn: 13
P 11.3740233662 9.61649541876 0 83 3
P 10.0504178328 12.1536823694 1 60 5
P 12.6976288997 7.07930846807 2 28 5
P 8.1425307544 19.1903641542 0 78 1
P 14.6055159781 0.0426266832684 0 78 1
P 12.4973899815 14.9971478115 0 54 2
P 10.250656751 4.23584302597 0 54 2
P 0.0 5.89071866631 0 20 1
P 22.7480467325 13.3422721712 0 20 1
P 7.674430883 13.3513453885 0 79 3
P 15.0736158495 5.88164544904 2 24 3
P 16.171760682 3.87044939368 2 8 1
P 6.57628605053 15.3625414438 1 7 1
P 18.4805758188 19.2329908375 0 78 1
P 4.26747091366 0.0 0 78 1
P 9.99138438566 17.3224304127 0 70 3
P 12.7566623468 1.9105604248 0 70 3
P 1.40070838236 16.3547738424 0 66 1
P 21.3473383501 2.8782169951 0 66 1
P 0.262688207003 7.40787840578 0 31 3
P 22.4853585255 11.8251124317 0 31 3
P 8.4300641361 3.78974767758 1 11 5
P 14.3179825964 15.4432431599 1 31 5
F 1 32 1 19 11 1
go

# turn: 14
P 11.3740233662 9.61649541876 0 83 3
P 10.0504178328 12.1536823694 1 65 5
P 12.6976288997 7.07930846807 2 5 5
P 8.1425307544 19.1903641542 0 78 1
P 14.6055159781 0.0426266832684 0 78 1
P 12.4973899815 14.9971478115 0 54 2
P 10.250656751 4.23584302597 0 54 2
P 0.0 5.89071866631 0 20 1
P 22.7480467325 13.3422721712 0 20 1
P 7.674430883 13.3513453885 0 79 3
P 15.0736158495 5.88164544904 2 8 3
P 16.171760682 3.87044939368 2 1 1
P 6.57628605053 15.3625414438 1 8 1
P 18.4805758188 19.2329908375 0 78 1
P 4.26747091366 0.0 0 78 1
P 9.99138438566 17.3224304127 0 70 3
P 12.7566623468 1.9105604248 0 70 3
P 1.40070838236 16.3547738424 0 66 1
P 21.3473383501 2.8782169951 0 66 1
P 0.262688207003 7.40787840578 1 1 3
P 22.4853585255 11.8251124317 0 31 3
P 8.4300641361 3.78974767758 1 16 5
P 14.3179825964 15.4432431599 1 36 5
F 2 28 2 6 4 3
F 2 8 11 6 6 5
F 2 19 10 6 6 5
go

# turn: 15
P 11.3740233662 9.61649541876 0 83 3
P 10.0504178328 12.1536823694 1 32 5
P 12.6976288997 7.07930846807 2 10 5
P 8.1425307544 19.1903641542 0 78 1
P 14.6055159781 0.0426266832684 0 78 1
P 12.4973899815 14.9971478115 0 54 2
P 10.250656751 4.23584302597 0 54 2
P 0.0 5.89071866631 0 20 1
P 22.7480467325 13.3422721712 0 20 1
P 7.674430883 13.3513453885 0 79 3
P 15.0736158495 5.88164544904 2 11 3
P 16.171760682 3.87044939368 2 2 1
P 6.57628605053 15.3625414438 1 9 1
P 18.4805758188 19.2329908375 0 78 1
P 4.26747091366 0.0 0 78 1
P 9.99138438566 17.3224304127 0 70 3
P 12.7566623468 1.9105604248 0 70 3
P 1.40070838236 16.3547738424 0 66 1
P 21.3473383501 2.8782169951 0 66 1
P 0.262688207003 7.40787840578 1 4 3
P 22.4853585255 11.8251124317 0 31 3
P 8.4300641361 3.78974767758 1 5 5
P 14.3179825964 15.4432431599 1 40 5
F 2 28 2 6 4 2
F 2 8 11 6 6 4
F 2 19 10 6 6 4
F 1 38 1 2 6 5
F 1 16 21 2 6 5
F 1 1 22 6 12 11
go

# turn: 16
P 11.3740233662 9.61649541876 0 83 3
P 10.0504178328 12.1536823694 1 37 5
P 12.6976288997 7.07930846807 2 15 5
P 8.1425307544 19.1903641542 0 78 1
P 14.6055159781 0.0426266832684 0 78 1
P 12.4973899815 14.9971478115 0 54 2
P 10.250656751 4.23584302597 0 54 2
P 0.0 5.89071866631 0 20 1
P 22.7480467325 13.3422721712 0 20 1
P 7.674430883 13.3513453885 0 79 3
P 15.0736158495 5.88164544904 2 14 3
P 16.171760682 3.87044939368 2 3 1
P 6.57628605053 15.3625414438 1 10 1
P 18.4805758188 19.2329908375 0 78 1
P 4.26747091366 0.0 0 78 1
P 9.99138438566 17.3224304127 0 70 3
P 12.7566623468 1.9105604248 0 70 3
P 1.40070838236 16.3547738424 0 66 1
P 21.3473383501 2.8782169951 0 66 1
P 0.262688207003 7.40787840578 1 7 3
P 22.4853585255 11.8251124317 0 31 3
P 8.4300641361 3.78974767758 1 10 5
P 14.3179825964 15.4432431599 1 27 5
F 2 28 2 6 4 1
F 2 8 11 6 6 3
F 2 19 10 6 6 3
F 1 38 1 2 6 4
F 1 16 21 2 6 4
F 1 1 22 6 12 10
F 1 18 22 10 10 9
go

# turn: 17
P 11.3740233662 9.61649541876 0 83 3
P 10.0504178328 12.1536823694 1 42 5
P 12.6976288997 7.07930846807 2 20 5
P 8.1425307544 19.1903641542 0 78 1
P 14.6055159781 0.0426266832684 0 78 1
P 12.4973899815 14.9971478115 0 54 2
P 10.250656751 4.23584302597 0 26 2
P 0.0 5.89071866631 0 20 1
P 22.7480467325 13.3422721712 0 20 1
P 7.674430883 13.3513453885 0 79 3
P 15.0736158495 5.88164544904 2 17 3
P 16.171760682 3.87044939368 2 4 1
P 6.57628605053 15.3625414438 1 11 1
P 18.4805758188 19.2329908375 0 78 1
P 4.26747091366 0.0 0 78 1
P 9.99138438566 17.3224304127 0 70 3
P 12.7566623468 1.9105604248 0 70 3
P 1.40070838236 16.3547738424 0 66 1
P 21.3473383501 2.8782169951 0 66 1
P 0.262688207003 7.40787840578 1 10 3
P 22.4853585255 11.8251124317 0 31 3
P 8.4300641361 3.78974767758 1 15 5
P 14.3179825964 15.4432431599 1 32 5
F 2 8 11 6 6 2
F 2 19 10 6 6 2
F 1 38 1 2 6 3
F 1 16 21 2 6 3
F 1 1 22 6 12 9
F 1 18 22 10 10 8
go

# turn: 18
P 11.3740233662 9.61649541876 0 83 3
P 10.0504178328 12.1536823694 1 47 5
P 12.6976288997 7.07930846807 2 25 5
P 8.1425307544 19.1903641542 0 78 1
P 14.6055159781 0.0426266832684 0 78 1
P 12.4973899815 14.9971478115 0 54 2
P 10.250656751 4.23584302597 0 26 2
P 0.0 5.89071866631 0 20 1
P 22.7480467325 13.3422721712 0 20 1
P 7.674430883 13.3513453885 0 79 3
P 15.0736158495 5.88164544904 2 20 3
P 16.171760682 3.87044939368 2 5 1
P 6.57628605053 15.3625414438 1 12 1
P 18.4805758188 19.2329908375 0 78 1
P 4.26747091366 0.0 0 78 1
P 9.99138438566 17.3224304127 0 70 3
P 12.7566623468 1.9105604248 0 70 3
P 1.40070838236 16.3547738424 0 66 1
P 21.3473383501 2.8782169951 0 66 1
P 0.262688207003 7.40787840578 1 13 3
P 22.4853585255 11.8251124317 0 31 3
P 8.4300641361 3.78974767758 1 20 5
P 14.3179825964 15.4432431599 1 37 5
F 2 8 11 6 6 1
F 2 19 10 6 6 1
F 1 38 1 2 6 2
F 1 16 21 2 6 2
F 1 1 22 6 12 8
F 1 18 22 10 10 7
go

# turn: 19
P 11.3740233662 9.61649541876 0 83 3
P 10.0504178328 12.1536823694 1 52 5
P 12.6976288997 7.07930846807 2 30 5
P 8.1425307544 19.1903641542 0 78 1
P 14.6055159781 0.0426266832684 0 78 1
P 12.4973899815 14.9971478115 0 54 2
P 10.250656751 4.23584302597 2 1 2
P 0.0 5.89071866631 0 20 1
P 22.7480467325 13.3422721712 0 20 1
P 7.674430883 13.3513453885 0 79 3
P 15.0736158495 5.88164544904 2 23 3
P 16.171760682 3.87044939368 2 6 1
P 6.57628605053 15.3625414438 1 13 1
P 18.4805758188 19.2329908375 0 78 1
P 4.26747091366 0.0 0 78 1
P 9.99138438566 17.3224304127 0 70 3
P 12.7566623468 1.9105604248 0 70 3
P 1.40070838236 16.3547738424 0 66 1
P 21.3473383501 2.8782169951 0 66 1
P 0.262688207003 7.40787840578 1 16 3
P 22.4853585255 11.8251124317 0 31 3
P 8.4300641361 3.78974767758 1 25 5
P 14.3179825964 15.4432431599 1 42 5
F 1 38 1 2 6 1
F 1 16 21 2 6 1
F 1 1 22 6 12 7
F 1 18 22 10 10 6
go

# turn: 20
P 11.3740233662 9.61649541876 0 83 3
P 10.0504178328 12.1536823694 1 57 5
P 12.6976288997 7.07930846807 1 19 5
P 8.1425307544 19.1903641542 0 78 1
P 14.6055159781 0.0426266832684 0 78 1
P 12.4973899815 14.9971478115 0 54 2
P 10.250656751 4.23584302597 2 3 2
P 0.0 5.89071866631 0 20 1
P 22.7480467325 13.3422721712 0 20 1
P 7.674430883 13.3513453885 0 79 3
P 15.0736158495 5.88164544904 2 26 3
P 16.171760682 3.87044939368 2 7 1
P 6.57628605053 15.3625414438 1 14 1
P 18.4805758188 19.2329908375 0 78 1
P 4.26747091366 0.0 0 78 1
P 9.99138438566 17.3224304127 0 70 3
P 12.7566623468 1.9105604248 0 70 3
P 1.40070838236 16.3547738424 0 66 1
P 21.3473383501 2.8782169951 0 66 1
P 0.262688207003 7.40787840578 1 19 3
P 22.4853585255 11.8251124317 0 31 3
P 8.4300641361 3.78974767758 1 30 5
P 14.3179825964 15.4432431599 1 38 5
F 1 1 22 6 12 6
F 1 18 22 10 10 5
F 1 9 22 10 10 9
go

# turn: 21
P 11.3740233662 9.61649541876 0 83 3
P 10.0504178328 12.1536823694 1 5 5
P 12.6976288997 7.07930846807 1 24 5
P 8.1425307544 19.1903641542 0 78 1
P 14.6055159781 0.0426266832684 0 78 1
P 12.4973899815 14.9971478115 0 54 2
P 10.250656751 4.23584302597 2 5 2
P 0.0 5.89071866631 0 20 1
P 22.7480467325 13.3422721712 0 20 1
P 7.674430883 13.3513453885 0 79 3
P 15.0736158495 5.88164544904 2 29 3
P 16.171760682 3.87044939368 2 8 1
P 6.57628605053 15.3625414438 1 15 1
P 18.4805758188 19.2329908375 0 78 1
P 4.26747091366 0.0 0 78 1
P 9.99138438566 17.3224304127 0 70 3
P 12.7566623468 1.9105604248 0 70 3
P 1.40070838236 16.3547738424 0 66 1
P 21.3473383501 2.8782169951 0 66 1
P 0.262688207003 7.40787840578 1 22 3
P 22.4853585255 11.8251124317 0 31 3
P 8.4300641361 3.78974767758 1 27 5
P 14.3179825964 15.4432431599 1 43 5
F 1 1 22 6 12 5
F 1 18 22 10 10 4
F 1 9 22 10 10 8
F 1 2 1 11 11 10
F 1 55 1 15 6 5
F 1 8 21 6 2 1
go

# turn: 22
P 11.3740233662 9.61649541876 0 83 3
P 10.0504178328 12.1536823694 1 10 5
P 12.6976288997 7.07930846807 1 29 5
P 8.1425307544 19.1903641542 0 78 1
P 14.6055159781 0.0426266832684 0 78 1
P 12.4973899815 14.9971478115 0 54 2
P 10.250656751 4.23584302597 1 1 2
P 0.0 5.89071866631 0 20 1
P 22.7480467325 13.3422721712 0 20 1
P 7.674430883 13.3513453885 0 79 3
P 15.0736158495 5.88164544904 2 32 3
P 16.171760682 3.87044939368 2 1 1
P 6.57628605053 15.3625414438 1 16 1
P 18.4805758188 19.2329908375 0 78 1
P 4.26747091366 0.0 0 78 1
P 9.99138438566 17.3224304127 0 70 3
P 12.7566623468 1.9105604248 0 70 3
P 1.40070838236 16.3547738424 0 66 1
P 21.3473383501 2.8782169951 0 66 1
P 0.262688207003 7.40787840578 1 4 3
P 22.4853585255 11.8251124317 0 31 3
P 8.4300641361 3.78974767758 1 32 5
P 14.3179825964 15.4432431599 1 48 5
F 1 1 22 6 12 4
F 1 18 22 10 10 3
F 1 9 22 10 10 7
F 1 2 1 11 11 9
F 1 55 1 15 6 4
F 2 8 11 6 6 5
F 1 21 19 7 2 1
go

# turn: 23
P 11.3740233662 9.61649541876 0 83 3
P 10.0504178328 12.1536823694 1 15 5
P 12.6976288997 7.07930846807 1 10 5
P 8.1425307544 19.1903641542 0 78 1
P 14.6055159781 0.0426266832684 0 78 1
P 12.4973899815 14.9971478115 0 54 2
P 10.250656751 4.23584302597 1 3 2
P 0.0 5.89071866631 1 1 1
P 22.7480467325 13.3422721712 0 20 1
P 7.674430883 13.3513453885 0 79 3
P 15.0736158495 5.88164544904 2 35 3
P 16.171760682 3.87044939368 2 2 1
P 6.57628605053 15.3625414438 1 1 1
P 18.4805758188 19.2329908375 0 78 1
P 4.26747091366 0.0 0 78 1
P 9.99138438566 17.3224304127 0 70 3
P 12.7566623468 1.9105604248 0 70 3
P 1.40070838236 16.3547738424 0 66 1
P 21.3473383501 2.8782169951 0 66 1
P 0.262688207003 7.40787840578 1 7 3
P 22.4853585255 11.8251124317 0 31 3
P 8.4300641361 3.78974767758 1 37 5
P 14.3179825964 15.4432431599 1 53 5
F 1 1 22 6 12 3
F 1 18 22 10 10 2
F 1 9 22 10 10 6
F 1 2 1 11 11 8
F 1 55 1 15 6 3
F 2 8 11 6 6 4
F 1 24 2 10 3 2
F 1 16 12 15 4 3
go

# turn: 24
P 11.3740233662 9.61649541876 0 83 3
P 10.0504178328 12.1536823694 1 20 5
P 12.6976288997 7.07930846807 1 15 5
P 8.1425307544 19.1903641542 0 78 1
P 14.6055159781 0.0426266832684 0 78 1
P 12.4973899815 14.9971478115 0 54 2
P 10.250656751 4.23584302597 1 5 2
P 0.0 5.89071866631 1 2 1
P 22.7480467325 13.3422721712 0 20 1
P 7.674430883 13.3513453885 0 79 3
P 15.0736158495 5.88164544904 2 38 3
P 16.171760682 3.87044939368 2 3 1
P 6.57628605053 15.3625414438 1 2 1
P 18.4805758188 19.2329908375 0 78 1
P 4.26747091366 0.0 0 78 1
P 9.99138438566 17.3224304127 0 70 3
P 12.7566623468 1.9105604248 0 70 3
P 1.40070838236 16.3547738424 0 66 1
P 21.3473383501 2.8782169951 0 66 1
P 0.262688207003 7.40787840578 1 10 3
P 22.4853585255 11.8251124317 0 31 3
P 8.4300641361 3.78974767758 1 24 5
P 14.3179825964 15.4432431599 1 58 5
F 1 1 22 6 12 2
F 1 18 22 10 10 1
F 1 9 22 10 10 5
F 1 2 1 11 11 7
F 1 55 1 15 6 2
F 2 8 11 6 6 3
F 1 24 2 10 3 1
F 1 16 12 15 4 2
F 1 18 21 11 8 7
go

# turn: 25
P 11.3740233662 9.61649541876 0 83 3
P 10.0504178328 12.1536823694 1 25 5
P 12.6976288997 7.07930846807 1 20 5
P 8.1425307544 19.1903641542 0 78 1
P 14.6055159781 0.0426266832684 0 78 1
P 12.4973899815 14.9971478115 0 54 2
P 10.250656751 4.23584302597 1 7 2
P 0.0 5.89071866631 1 3 1
P 22.7480467325 13.3422721712 0 20 1
P 7.674430883 13.3513453885 0 79 3
P 15.0736158495 5.88164544904 1 1 3
P 16.171760682 3.87044939368 2 4 1
P 6.57628605053 15.3625414438 1 3 1
P 18.4805758188 19.2329908375 0 78 1
P 4.26747091366 0.0 0 78 1
P 9.99138438566 17.3224304127 0 70 3
P 12.7566623468 1.9105604248 0 70 3
P 1.40070838236 16.3547738424 0 66 1
P 21.3473383501 2.8782169951 0 66 1
P 0.262688207003 7.40787840578 1 13 3
P 22.4853585255 11.8251124317 0 31 3
P 8.4300641361 3.78974767758 1 29 5
P 14.3179825964 15.4432431599 1 31 5
F 1 1 22 6 12 1
F 1 9 22 10 10 4
F 1 2 1 11 11 6
F 1 55 1 15 6 1
F 2 8 11 6 6 2
F 1 16 12 15 4 1
F 1 18 21 11 8 6
F 1 32 22 20 9 8
go

# turn: 26
P 11.3740233662 9.61649541876 0 83 3
P 10.0504178328 12.1536823694 1 30 5
P 12.6976288997 7.07930846807 1 22 5
P 8.1425307544 19.1903641542 0 78 1
P 14.6055159781 0.0426266832684 0 78 1
P 12.4973899815 14.9971478115 0 54 2
P 10.250656751 4.23584302597 1 10 2
P 0.0 5.89071866631 1 4 1
P 22.7480467325 13.3422721712 0 20 1
P 7.674430883 13.3513453885 0 79 3
P 15.0736158495 5.88164544904 1 4 3
P 16.171760682 3.87044939368 2 5 1
P 6.57628605053 15.3625414438 1 4 1
P 18.4805758188 19.2329908375 0 78 1
P 4.26747091366 0.0 0 78 1
P 9.99138438566 17.3224304127 1 1 3
P 12.7566623468 1.9105604248 0 70 3
P 1.40070838236 16.3547738424 0 66 1
P 21.3473383501 2.8782169951 0 66 1
P 0.262688207003 7.40787840578 1 16 3
P 22.4853585255 11.8251124317 0 31 3
P 8.4300641361 3.78974767758 1 34 5
P 14.3179825964 15.4432431599 1 15 5
F 1 9 22 10 10 3
F 1 2 1 11 11 5
F 2 8 11 6 6 1
F 1 18 21 11 8 5
F 1 32 22 20 9 7
F 1 3 2 11 5 4
F 1 21 22 8 9 8
go

# turn: 27
P 11.3740233662 9.61649541876 0 83 3
P 10.0504178328 12.1536823694 1 35 5
P 12.6976288997 7.07930846807 1 16 5
P 8.1425307544 19.1903641542 0 78 1
P 14.6055159781 0.0426266832684 0 78 1
P 12.4973899815 14.9971478115 0 54 2
P 10.250656751 4.23584302597 1 4 2
P 0.0 5.89071866631 1 5 1
P 22.7480467325 13.3422721712 0 20 1
P 7.674430883 13.3513453885 0 79 3
P 15.0736158495 5.88164544904 1 7 3
P 16.171760682 3.87044939368 2 6 1
P 6.57628605053 15.3625414438 1 5 1
P 18.4805758188 19.2329908375 0 78 1
P 4.26747091366 0.0 0 78 1
P 9.99138438566 17.3224304127 1 4 3
P 12.7566623468 1.9105604248 0 70 3
P 1.40070838236 16.3547738424 0 66 1
P 21.3473383501 2.8782169951 0 66 1
P 0.262688207003 7.40787840578 1 19 3
P 22.4853585255 11.8251124317 0 31 3
P 8.4300641361 3.78974767758 1 39 5
P 14.3179825964 15.4432431599 1 20 5
F 1 9 22 10 10 2
F 1 2 1 11 11 4
F 1 18 21 11 8 4
F 1 32 22 20 9 6
F 1 3 2 11 5 3
F 1 21 22 8 9 7
F 1 11 2 16 6 5
go

# turn: 28
P 11.3740233662 9.61649541876 0 83 3
P 10.0504178328 12.1536823694 1 40 5
P 12.6976288997 7.07930846807 1 21 5
P 8.1425307544 19.1903641542 0 78 1
P 14.6055159781 0.0426266832684 0 78 1
P 12.4973899815 14.9971478115 0 54 2
P 10.250656751 4.23584302597 1 6 2
P 0.0 5.89071866631 1 6 1
P 22.7480467325 13.3422721712 0 20 1
P 7.674430883 13.3513453885 0 79 3
P 15.0736158495 5.88164544904 1 10 3
P 16.171760682 3.87044939368 2 7 1
P 6.57628605053 15.3625414438 1 6 1
P 18.4805758188 19.2329908375 0 78 1
P 4.26747091366 0.0 0 78 1
P 9.99138438566 17.3224304127 1 7 3
P 12.7566623468 1.9105604248 0 70 3
P 1.40070838236 16.3547738424 0 66 1
P 21.3473383501 2.8782169951 0 66 1
P 0.262688207003 7.40787840578 1 22 3
P 22.4853585255 11.8251124317 0 31 3
P 8.4300641361 3.78974767758 1 44 5
P 14.3179825964 15.4432431599 1 25 5
F 1 9 22 10 10 1
F 1 2 1 11 11 3
F 1 18 21 11 8 3
F 1 32 22 20 9 5
F 1 3 2 11 5 2
F 1 21 22 8 9 6
F 1 11 2 16 6 4
go

# turn: 29
P 11.3740233662 9.61649541876 0 83 3
P 10.0504178328 12.1536823694 1 45 5
P 12.6976288997 7.07930846807 1 26 5
P 8.1425307544 19.1903641542 0 78 1
P 14.6055159781 0.0426266832684 0 78 1
P 12.4973899815 14.9971478115 0 54 2
P 10.250656751 4.23584302597 1 8 2
P 0.0 5.89071866631 1 7 1
P 22.7480467325 13.3422721712 0 20 1
P 7.674430883 13.3513453885 0 79 3
P 15.0736158495 5.88164544904 1 22 3
P 16.171760682 3.87044939368 2 8 1
P 6.57628605053 15.3625414438 1 7 1
P 18.4805758188 19.2329908375 0 78 1
P 4.26747091366 0.0 0 78 1
P 9.99138438566 17.3224304127 1 10 3
P 12.7566623468 1.9105604248 0 70 3
P 1.40070838236 16.3547738424 0 66 1
P 21.3473383501 2.8782169951 0 66 1
P 0.262688207003 7.40787840578 1 25 3
P 22.4853585255 11.8251124317 0 31 3
P 8.4300641361 3.78974767758 1 49 5
P 14.3179825964 15.4432431599 1 30 5
F 1 2 1 11 11 2
F 1 18 21 11 8 2
F 1 32 22 20 9 4
F 1 3 2 11 5 1
F 1 21 22 8 9 5
F 1 11 2 16 6 3
go

# turn: 30
P 11.3740233662 9.61649541876 0 83 3
P 10.0504178328 12.1536823694 1 50 5
P 12.6976288997 7.07930846807 1 31 5
P 8.1425307544 19.1903641542 0 78 1
P 14.6055159781 0.0426266832684 0 78 1
P 12.4973899815 14.9971478115 0 54 2
P 10.250656751 4.23584302597 1 10 2
P 0.0 5.89071866631 1 8 1
P 22.7480467325 13.3422721712 0 20 1
P 7.674430883 13.3513453885 0 79 3
P 15.0736158495 5.88164544904 1 24 3
P 16.171760682 3.87044939368 2 6 1
P 6.57628605053 15.3625414438 1 8 1
P 18.4805758188 19.2329908375 0 78 1
P 4.26747091366 0.0 0 78 1
P 9.99138438566 17.3224304127 1 13 3
P 12.7566623468 1.9105604248 0 70 3
P 1.40070838236 16.3547738424 0 66 1
P 21.3473383501 2.8782169951 0 66 1
P 0.262688207003 7.40787840578 1 28 3
P 22.4853585255 11.8251124317 0 31 3
P 8.4300641361 3.78974767758 1 5 5
P 14.3179825964 15.4432431599 1 35 5
F 1 2 1 11 11 1
F 1 18 21 11 8 1
F 1 32 22 20 9 3
F 1 21 22 8 9 4
F 1 11 2 16 6 2
F 1 1 10 16 5 4
F 1 49 21 16 5 4
go

# turn: 31
P 11.3740233662 9.61649541876 0 83 3
P 10.0504178328 12.1536823694 1 55 5
P 12.6976288997 7.07930846807 1 36 5
P 8.1425307544 19.1903641542 0 78 1
P 14.6055159781 0.0426266832684 0 78 1
P 12.4973899815 14.9971478115 0 54 2
P 10.250656751 4.23584302597 1 12 2
P 0.0 5.89071866631 1 9 1
P 22.7480467325 13.3422721712 0 20 1
P 7.674430883 13.3513453885 0 79 3
P 15.0736158495 5.88164544904 1 27 3
P 16.171760682 3.87044939368 1 13 1
P 6.57628605053 15.3625414438 1 9 1
P 18.4805758188 19.2329908375 0 78 1
P 4.26747091366 0.0 0 78 1
P 9.99138438566 17.3224304127 1 16 3
P 12.7566623468 1.9105604248 0 70 3
P 1.40070838236 16.3547738424 0 66 1
P 21.3473383501 2.8782169951 0 66 1
P 0.262688207003 7.40787840578 1 31 3
P 22.4853585255 11.8251124317 0 31 3
P 8.4300641361 3.78974767758 1 10 5
P 14.3179825964 15.4432431599 1 40 5
F 1 32 22 20 9 2
F 1 21 22 8 9 3
F 1 11 2 16 6 1
F 1 1 10 16 5 3
F 1 49 21 16 5 3
go

